 167 
 187 
 293 
 360 
 368 
 435 
 459 
 487 
 536 
 554 
 584 
 648 
 657 
 658 
 724 
 729 
 872 
 892 
 936 
 939 
 984 
1006 
1017 
1019 
1055 
1070 
1074 
1075 
1076 
1080 
1081 
1083 
1093 
1137 
1291 
1325 
1332 
1348 
1362 
1372 
1386 
1390 
1408 
1411 
1469 
1499 
1563 
1577 
1591 
1604 
1613 
1620 
1624 
1625 
1636 
1638 
1642 
1703 
1705 
1713 
1719 
1726 
1730 
1734 
1745 
1754 
1762 
1765 
1823 
1824 
1839 
1840 
1870 
1871 
1908 
1911 
1989 
1990 
2091 
2113 
2240 
2458 
2516 
2611 
2616 
2651 
2667 
2680 
2728 
2764 
2790 
2798 
2808 
2809 
2818 
2860 
2863 
2930 
2950 
2958 
3050 
3080 
3104 
3139 
3142 
3153 
3173 
3174 
3189 
3210 
3212 
3222 
3225 
3230 
3238 
3245 
3430 
3459 
3462 
3470 
3482 
3489 
3628 
3652 
3676 
3689 
3715 
3735 
3824 
3835 
3836 
3865 
3878 
3906 
3956 
4034 
4095 
4111 
4142 
4198 
4294 
4299 
4323 
4335 
4399 
4415 
4418 
4469 
4470 
4481 
4560 
4598 
4607 
4619 
4630 
4646 
4650 
4656 
4683 
4688 
4729 
4737 
4781 
4797 
4834 
4844 
4846 
4894 
4896 
4969 
5031 
5129 
5172 
5175 
5190 
5218 
5234 
5236 
5245 
5337 
5344 
5345 
5358 
5392 
5402 
5505 
5568 
5593 
5674 
5697 
5714 
5788 
5795 
5836 
5901 
5910 
5913 
5961 
5965 
5973 
6012 
6013 
6016 
6253 
6258 
6298 
6302 
6303 
6329 
6331 
6346 
6349 
6351 
6361 
6368 
6418 
6488 
6502 
6561 
6581 
6582 
6589 
6597 
6770 
6786 
6817 
6846 
6884 
6924 
6939 
6961 
6981 
6983 
6991 
7006 
7032 
7045 
7060 
7071 
7096 
7098 
7147 
7323 
7324 
7327 
7381 
7384 
7389 
7397 
7415 
7419 
7433 
7435 
7442 
7449 
7497 
7504 
7524 
7529 
7532 
7538 
7601 
7608 
7675 
7763 
7787 
7853 
7870 
8040 
8065 
8103 
8116 
8125 
8149 
8307 
8313 
8346 
8443 
8446 
8607 
8616 
8620 
8632 
8634 
8640 
8646 
8660 
8689 
8715 
8723 
8774 
8808 
8816 
8826 
8903 
8943 
8944 
8983 
8993 
9117 
9266 
9272 
9295 
9362 
9392 
9452 
9459 
9466 
9556 
9558 
9559 
9565 
9640 
9662 
9667 
9725 
9772 
9837 
9879 
9981 
10007 
10055 
10105 
10152 
10206 
10237 
10246 
10247 
10264 
10265 
10273 
10316 
10342 
10520 
10533 
10536 
10541 
10591 
10606 
10610 
10612 
10624 
10633 
10658 
10686 
10701 
10744 
10769 
10851 
10855 
10866 
10889 
10902 
10905 
10930 
10932 
10936 
10972 
10989 
11003 
11056 
11082 
11135 
11176 
11205 
11211 
11214 
11262 
11320 
11352 
11396 
11402 
11431 
11608 
11680 
11753 
11795 
11830 
11920 
11931 
11984 
11993 
11999 
12013 
12053 
12059 
12192 
12301 
12361 
12395 
12406 
12443 
12450 
12455 
12493 
12500 
12509 
12523 
12593 
12608 
12615 
12619 
12620 
12636 
12698 
12734 
12814 
12873 
12883 
12921 
12949 
12957 
12964 
12976 
12990 
13063 
13201 
13203 
13304 
13316 
13367 
13458 
13476 
13588 
13601 
13605 
13610 
13611 
13620 
13628 
13663 
13705 
13709 
13710 
13841 
13851 
13941 
13981 
14002 
14022 
14103 
14203 
14290 
14295 
14343 
14363 
14401 
14405 
14411 
14423 
14554 
14609 
14611 
14617 
14642 
14645 
14717 
14730 
14781 
14838 
14839 
14863 
14891 
14896 
14926 
14931 
14987 
14990 
14996 
15006 
15036 
15082 
15083 
15107 
15126 
15138 
15152 
15179 
15180 
15228 
15262 
15284 
15344 
15362 
15466 
15477 
15508 
15526 
15545 
15586 
15590 
15593 
15616 
15625 
15626 
15630 
15661 
15667 
15757 
15809 
15828 
15829 
15832 
15835 
15836 
15837 
15910 
16016 
16034 
16096 
16112 
16157 
16165 
16186 
16204 
16208 
16224 
16256 
16259 
16264 
16303 
16314 
16326 
16348 
16368 
16370 
16389 
16393 
16396 
16404 
16418 
16422 
16428 
16455 
16473 
16478 
16481 
16493 
16534 
16539 
16559 
16575 
16590 
16675 
16704 
16716 
16719 
16732 
16750 
16752 
16767 
16771 
16850 
16894 
16931 
16975 
17017 
17022 
17023 
17031 
17066 
17088 
17090 
17117 
17123 
17135 
17149 
17203 
17271 
17300 
17363 
17416 
17420 
17428 
17533 
17536 
17565 
17594 
17619 
17635 
17687 
17690 
17768 
17864 
17962 
17997 
18036 
18077 
18100 
18101 
18162 
18165 
18203 
18252 
18280 
18287 
18301 
18375 
18440 
18518 
18576 
18591 
18609 
18657 
18904 
19274 
19293 
19310 
19428 
19490 
19499 
19549 
19554 
19561 
19584 
19691 
19840 
19859 
19871 
19874 
19899 
19961 
19963 
19986 
20017 
20045 
20046 
20047 
20064 
20067 
20142 
20146 
20159 
20194 
20210 
20288 
20339 
20375 
20393 
20463 
20490 
20498 
20504 
20515 
20521 
20533 
20585 
20593 
20632 
20679 
20765 
20817 
20860 
21043 
21201 
21202 
21226 
21278 
21289 
21337 
21344 
21359 
21361 
21377 
21406 
21432 
21508 
21585 
21643 
21854 
21877 
21881 
21883 
21901 
21970 
21982 
21997 
22041 
22138 
22170 
22205 
22213 
22236 
22416 
22421 
22440 
22447 
22622 
22641 
22741 
22824 
22838 
22902 
22915 
22956 
22983 
23068 
23155 
23156 
23158 
23161 
23163 
23166 
23191 
23234 
23266 
23267 
23330 
23372 
23395 
23459 
23480 
23499 
23568 
23585 
23643 
23663 
23717 
23802 
23806 
23851 
23870 
23875 
23881 
24036 
24125 
24214 
24217 
24242 
24344 
24372 
24374 
24375 
24378 
24380 
24385 
24438 
24465 
24468 
24492 
24497 
24543 
24614 
24672 
24753 
24793 
24797 
24803 
24814 
24817 
24886 
24896 
24897 
24904 
24922 
24947 
24953 
25014 
25109 
25190 
25192 
25227 
25286 
25294 
25296 
25308 
25310 
25311 
25322 
25332 
25359 
25367 
25385 
25429 
25494 
25496 
25497 
25499 
25503 
25517 
25524 
25542 
25547 
25549 
25634 
25801 
25811 
25847 
25936 
25992 
26178 
26184 
26291 
26298 
26304 
26392 
26417 
26512 
26566 
26636 
26708 
26711 
26713 
26718 
26749 
26768 
26821 
26965 
27040 
27101 
27113 
27114 
27115 
27144 
27161 
27168 
27199 
27228 
27237 
27261 
27307 
27314 
27325 
27365 
27404 
27419 
27421 
27508 
27533 
27544 
27548 
27637 
27638 
27650 
27654 
27655 
27676 
27693 
27709 
27722 
27723 
27730 
27731 
27750 
27754 
27756 
27761 
27762 
27775 
27777 
27790 
27804 
27839 
27857 
27867 
27883 
28062 
28141 
28144 
28202 
28208 
28266 
28269 
28392 
28425 
28472 
28492 
28573 
28592 
28602 
28689 
28690 
28821 
28835 
28934 
29171 
29215 
29249 
29257 
29340 
29361 
29388 
29406 
29411 
29426 
29462 
29473 
29479 
29480 
29491 
29521 
29535 
29538 
29583 
29616 
29628 
29629 
29720 
29753 
29790 
29791 
29794 
29798 
29815 
29835 
29842 
29862 
29943 
29987 
30003 
30036 
30049 
30114 
30136 
30191 
30197 
30321 
30483 
30546 
30561 
30582 
30610 
30611 
30613 
30614 
30616 
30637 
30646 
30668 
30683 
30743 
30755 
30800 
30837 
30842 
30844 
30893 
30944 
31000 
31139 
31178 
31208 
31251 
31254 
31255 
31279 
31280 
31287 
31336 
31351 
31389 
31402 
31411 
31412 
31424 
31456 
31491 
31506 
31525 
31548 
31581 
31609 
31633 
31639 
31687 
31700 
31771 
31774 
31876 
31936 
31992 
32116 
32160 
32197 
32237 
32251 
32273 
32308 
32354 
32402 
32436 
32470 
32577 
32649 
32723 
32786 
32809 
32847 
32849 
32936 
32942 
32945 
33091 
33114 
33196 
33197 
33206 
33211 
33257 
33264 
33353 
33401 
33403 
33456 
33466 
33475 
33504 
33505 
33517 
33595 
33597 
33632 
33662 
33702 
33724 
33772 
33778 
33803 
33889 
33891 
33907 
33928 
33976 
33993 
34016 
34039 
34097 
34127 
34150 
34158 
34194 
34205 
34243 
34272 
34320 
34367 
34370 
34383 
34384 
34395 
34408 
34415 
34430 
34436 
34443 
34468 
34471 
34474 
34480 
34481 
34488 
34510 
34514 
34532 
34560 
34640 
34648 
34665 
34693 
34695 
34751 
34834 
34901 
34963 
34971 
34973 
34977 
34987 
35010 
35016 
35029 
35050 
35132 
35150 
35153 
35240 
35253 
35336 
35439 
35445 
35459 
35475 
35535 
35585 
35594 
35642 
35643 
35658 
35691 
35692 
35693 
35695 
35711 
35919 
35936 
36018 
36029 
36031 
36044 
36121 
36169 
36296 
36310 
36407 
36443 
36444 
36505 
36543 
36570 
36597 
36649 
36676 
36755 
36793 
36837 
36838 
36908 
37133 
37149 
37151 
37254 
37282 
37320 
37354 
37374 
37435 
37466 
37489 
37518 
37560 
37572 
37815 
38142 
38221 
38262 
38263 
38284 
38286 
38306 
38330 
38341 
38345 
38354 
38380 
38395 
38400 
38458 
38472 
38484 
38530 
38560 
38579 
38582 
38588 
38597 
38600 
38656 
38659 
38660 
38681 
38703 
38714 
38715 
38891 
38918 
38959 
39257 
39301 
39326 
39327 
39369 
39381 
39398 
39445 
39583 
39638 
39683 
39765 
39785 
39814 
39819 
39822 
39826 
40092 
40123 
40204 
40242 
40315 
40332 
40377 
40379 
40387 
40391 
40416 
40420 
40437 
40509 
40516 
40559 
40561 
40584 
40587 
40593 
40597 
40600 
40601 
40615 
40656 
40666 
40681 
40719 
40769 
40818 
40823 
40842 
40894 
40947 
40952 
41018 
41033 
41065 
41106 
41126 
41149 
41171 
41188 
41198 
41218 
41227 
41230 
41267 
41268 
41293 
41303 
41308 
41356 
41361 
41366 
41370 
41375 
41376 
41401 
41416 
41423 
41481 
41493 
41523 
41524 
41534 
41546 
41567 
41581 
41606 
41628 
41696 
41708 
41715 
41722 
41726 
41742 
41767 
41805 
41878 
41916 
41949 
42001 
42004 
42111 
42154 
42181 
42217 
42237 
42243 
42255 
42267 
42284 
42288 
42326 
42347 
42408 
42409 
42410 
42416 
42494 
42500 
42523 
42548 
42557 
42613 
42625 
42640 
42694 
42709 
42724 
42733 
42735 
42764 
42785 
42822 
42826 
42828 
42830 
42837 
42846 
42891 
42938 
42953 
42956 
42957 
42995 
43008 
43054 
43228 
43230 
43240 
43244 
43296 
43329 
43378 
43388 
43393 
43406 
43407 
43535 
43566 
43570 
43590 
43619 
43642 
43672 
43687 
43690 
43698 
43701 
43742 
43787 
43803 
43986 
44031 
44033 
44034 
44040 
44043 
44068 
44106 
44187 
44246 
44285 
44333 
44336 
44345 
44351 
44362 
44370 
44396 
44401 
44483 
44508 
44525 
44542 
44570 
44572 
44619 
44635 
44658 
44663 
44712 
44713 
44720 
44721 
44732 
44763 
44842 
44955 
44971 
45034 
45036 
45090 
45130 
45136 
45166 
45171 
45181 
45198 
45205 
45273 
45322 
45328 
45344 
45349 
45407 
45475 
45577 
45610 
45618 
45627 
45643 
45845 
46044 
46310 
46340 
46376 
46380 
46396 
46402 
46416 
46459 
46603 
46645 
46710 
46712 
46714 
46717 
46729 
46732 
46740 
46763 
46789 
46855 
46859 
46865 
46871 
46877 
46936 
47002 
47018 
47019 
47047 
47049 
47054 
47078 
47085 
47094 
47096 
47113 
47126 
47152 
47158 
47247 
47266 
47284 
47288 
47290 
47298 
47304 
47312 
47332 
47366 
47416 
47417 
47421 
47439 
47447 
47473 
47509 
47591 
47660 
47663 
47770 
47789 
47792 
47801 
47804 
47834 
47840 
47847 
47879 
47932 
47938 
47945 
47949 
47955 
47987 
47989 
48105 
48120 
48137 
48329 
48374 
48376 
48548 
48604 
48605 
48647 
48648 
48671 
48683 
48716 
48775 
48807 
48810 
48817 
48828 
48830 
48854 
48876 
48895 
48904 
48917 
48929 
48934 
48952 
48957 
48988 
49008 
49211 
49223 
49224 
49248 
49259 
49298 
49344 
49358 
49380 
49381 
49431 
49446 
49447 
49450 
49458 
49480 
49485 
49490 
49510 
49527 
49531 
49559 
49573 
49576 
49579 
49582 
49588 
49617 
49628 
49634 
49646 
49736 
49739 
49745 
49772 
50033 
50036 
50095 
50105 
50121 
50157 
50167 
50205 
50208 
50236 
50241 
50275 
50294 
50295 
50296 
50316 
50319 
50352 
50525 
50556 
50589 
50603 
50622 
50628 
50658 
50671 
50687 
50707 
50812 
50884 
50942 
50975 
50976 
50988 
50990 
51013 
51041 
51119 
51152 
51157 
51280 
51294 
51326 
51364 
51403 
51449 
51452 
51493 
51714 
51736 
51737 
51740 
51767 
51770 
51798 
51834 
51854 
51921 
51926 
52118 
52172 
52191 
52200 
52234 
52348 
52447 
52587 
52625 
52634 
52661 
52798 
52836 
52866 
52867 
52887 
52931 
52953 
52958 
53002 
53015 
53016 
53017 
53021 
53023 
53040 
53064 
53066 
53075 
53087 
53094 
53128 
53157 
53160 
53179 
53193 
53220 
53235 
53241 
53268 
53271 
53278 
53286 
53348 
53393 
53443 
53574 
53585 
53639 
53686 
53702 
53740 
53741 
53915 
54002 
54059 
54066 
54123 
54138 
54153 
54240 
54256 
54262 
54314 
54348 
54364 
54370 
54387 
54389 
54391 
54400 
54425 
54439 
54659 
54691 
54701 
54711 
54731 
54747 
54751 
54760 
54819 
54820 
54840 
54869 
54909 
55002 
55180 
55189 
55203 
55215 
55231 
55232 
55243 
55246 
55250 
55270 
55275 
55291 
55451 
55455 
55462 
55485 
55492 
55495 
55503 
55514 
55661 
55803 
55824 
55853 
55885 
55897 
55998 
56055 
56057 
56061 
56084 
56141 
56142 
56167 
56180 
56214 
56262 
56264 
56265 
56280 
56284 
56285 
56297 
56304 
56324 
56359 
56389 
56409 
56418 
56435 
56465 
56487 
56505 
56540 
56570 
56571 
56645 
56668 
56778 
56807 
56810 
56891 
56909 
56992 
57101 
57119 
57178 
57193 
57196 
57212 
57222 
57231 
57251 
57456 
57461 
57488 
57497 
57498 
57514 
57519 
57530 
57560 
57564 
57576 
57625 
57636 
57654 
57660 
57689 
57806 
57846 
57864 
57907 
58038 
58064 
58076 
58090 
58110 
58114 
58119 
58126 
58133 
58160 
58202 
58290 
58331 
58332 
58341 
58354 
58435 
58437 
58441 
58451 
58472 
58484 
58507 
58511 
58573 
58588 
58653 
58684 
58689 
58691 
58696 
58711 
58748 
58774 
58776 
58831 
58832 
58851 
58874 
58905 
58909 
58954 
58958 
58988 
59144 
59193 
59198 
59202 
59203 
59205 
59210 
59213 
59215 
59217 
59218 
59219 
59221 
59222 
59226 
59258 
59262 
59313 
59315 
59384 
59390 
59405 
59413 
59419 
59424 
59425 
59507 
59516 
59541 
59542 
59552 
59579 
59596 
59597 
59614 
59619 
59624 
59633 
59654 
59665 
59783 
59829 
59912 
59923 
59935 
59965 
59988 
59993 
59996 
60017 
60028 
60046 
60054 
60062 
60086 
60091 
60093 
60094 
60131 
60284 
60290 
60342 
60359 
60361 
60388 
60424 
60455 
60456 
60461 
60478 
60502 
60517 
60519 
60523 
60526 
60529 
60533 
60534 
60535 
60543 
60551 
60576 
60605 
60643 
60651 
60711 
60718 
60721 
60724 
60745 
60777 
60855 
60861 
60883 
60888 
60935 
60981 
61019 
61021 
61036 
61066 
61092 
61131 
61157 
61196 
61251 
61306 
61331 
61354 
61377 
61388 
61390 
61392 
61398 
61517 
61526 
61529 
61621 
61628 
61639 
61640 
61651 
61666 
61670 
61698 
61758 
61786 
61793 
61805 
61845 
61886 
61964 
61991 
61997 
62008 
62091 
62098 
62130 
62132 
62171 
62186 
62200 
62212 
62221 
62317 
62337 
62362 
62390 
62407 
62409 
62432 
62435 
62440 
62504 
62523 
62570 
62573 
62574 
62577 
62580 
62582 
62588 
62671 
62675 
62693 
62700 
62792 
62857 
62858 
62869 
62917 
62930 
63007 
63064 
63105 
63112 
63135 
63201 
63250 
63328 
63490 
63515 
63524 
63837 
63840 
63859 
63878 
63898 
63958 
63966 
64048 
64068 
64088 
64112 
64132 
64137 
64152 
64225 
64243 
64245 
64248 
64288 
64365 
64369 
64384 
64413 
64434 
64437 
64460 
64465 
64471 
64543 
64552 
64568 
64607 
64618 
64627 
64650 
64655 
64658 
64666 
64678 
64680 
64681 
64696 
64726 
64738 
64743 
64744 
64753 
64754 
64755 
64774 
64776 
64784 
64790 
64822 
64832 
64854 
64856 
64863 
64867 
64888 
64893 
64903 
64994 
64995 
64997 
65015 
65036 
65041 
65109 
65188 
65215 
65216 
65235 
65239 
65269 
65287 
65296 
65310 
65320 
65331 
65335 
65355 
65356 
65467 
65518 
65548 
65550 
65553 
65572 
65762 
65771 
65773 
65787 
65790 
65794 
65826 
65837 
65841 
65860 
65891 
65897 
65901 
65921 
65935 
65958 
65964 
65990 
66037 
66045 
66072 
66100 
66103 
66133 
66200 
66253 
66265 
66308 
66309 
66376 
66400 
66415 
66431 
66436 
66466 
66600 
66602 
66747 
66752 
66765 
66792 
66795 
66828 
66854 
66855 
66887 
66895 
66914 
66921 
66991 
67069 
67469 
67610 
67629 
67632 
67641 
67649 
67663 
67700 
67706 
67740 
67767 
67799 
67801 
67804 
67805 
67806 
67807 
67851 
67879 
67884 
67904 
67908 
67909 
67917 
67934 
67972 
67984 
67998 
68058 
68060 
68076 
68080 
68095 
68117 
68193 
68207 
68236 
68344 
68345 
68364 
68414 
68415 
68416 
68417 
68421 
68428 
68430 
68436 
68465 
68594 
68614 
68701 
68760 
68808 
68820 
68822 
68867 
68955 
68997 
69028 
69046 
69061 
69067 
69129 
69131 
69132 
69148 
69232 
69250 
69300 
69435 
69485 
69523 
69530 
69641 
69649 
69691 
69715 
69726 
69735 
69792 
69842 
69955 
69981 
70184 
70271 
70273 
70291 
70358 
70401 
70413 
70414 
70429 
70438 
70447 
70453 
70461 
70470 
70471 
70478 
70497 
70500 
70518 
70530 
70567 
70614 
70623 
70636 
70644 
70659 
70685 
70691 
70702 
70714 
70718 
70754 
70821 
70849 
70910 
70965 
71026 
71050 
71080 
71110 
71116 
71117 
71157 
71163 
71259 
71270 
71276 
71302 
71303 
71305 
71307 
71308 
71318 
71330 
71332 
71348 
71418 
71432 
71454 
71455 
71475 
71484 
71518 
71527 
71565 
71572 
71689 
71779 
71783 
71813 
71826 
71840 
71852 
71860 
72065 
72104 
72117 
72124 
72152 
72201 
72209 
72259 
72309 
72316 
72325 
72330 
72411 
72425 
72442 
72471 
72484 
72547 
72549 
72584 
72715 
72823 
72850 
72932 
72935 
72942 
72946 
73015 
73098 
73102 
73106 
73108 
73136 
73156 
73176 
73229 
73279 
73380 
73424 
73466 
73481 
73506 
73508 
73511 
73567 
73570 
73610 
73665 
73681 
73692 
73694 
73708 
73719 
73725 
73735 
73742 
73747 
73751 
73764 
73768 
73777 
73788 
73800 
73918 
74033 
74081 
74161 
74199 
74201 
74211 
74268 
74303 
74309 
74326 
74345 
74500 
74622 
74789 
74797 
74818 
74822 
74830 
74864 
74875 
74882 
74884 
74886 
74929 
74930 
74932 
74959 
74976 
74977 
75018 
75031 
75064 
75147 
75188 
75218 
75261 
75295 
75309 
75314 
75318 
75358 
75404 
75406 
75410 
75411 
75522 
75523 
75528 
75530 
75558 
75772 
75790 
75888 
75892 
75904 
75918 
75928 
75955 
75966 
75972 
75982 
75986 
75987 
75992 
76007 
76050 
76057 
76063 
76108 
76119 
76140 
76155 
76171 
76277 
76331 
76346 
76436 
76525 
76551 
76577 
76604 
76624 
76714 
76719 
76762 
76786 
76921 
76947 
76973 
76979 
77282 
77308 
77318 
77322 
77323 
77335 
77360 
77363 
77373 
77395 
77454 
77494 
77563 
77584 
77603 
77604 
77691 
77697 
77745 
77810 
77836 
77858 
77862 
77865 
77882 
77889 
77894 
77897 
77905 
77913 
77914 
77982 
78015 
78030 
78040 
78113 
78196 
78207 
78215 
78219 
78227 
78270 
78271 
78367 
78369 
78451 
78595 
78651 
78718 
78723 
78782 
78829 
78874 
78877 
78878 
78994 
79071 
79168 
79186 
79244 
79283 
79287 
79325 
79331 
79345 
79355 
79421 
79430 
79513 
79547 
79635 
79669 
79675 
79679 
79724 
79767 
79897 
79901 
79915 
79930 
79954 
79973 
80000 
80005 
80011 
80046 
80099 
80134 
80138 
80139 
80147 
80160 
80173 
80217 
80221 
80241 
80272 
80280 
80431 
80454 
80466 
80503 
80529 
80554 
80556 
80560 
80581 
80583 
80629 
80650 
80680 
80711 
80728 
80802 
80829 
80955 
81106 
81148 
81149 
81187 
81203 
81209 
81381 
81421 
81632 
81661 
81828 
81850 
81873 
81874 
81924 
81945 
81985 
81986 
82003 
82025 
82045 
82072 
82082 
82105 
82115 
82126 
82135 
82229 
82457 
82632 
82661 
82703 
82719 
82837 
82870 
83040 
83071 
83082 
83084 
83087 
83102 
83120 
83128 
83142 
83157 
83256 
83269 
83293 
83294 
83311 
83320 
83396 
83458 
83593 
83623 
83642 
83644 
83646 
83648 
83656 
83657 
83704 
83718 
83739 
83748 
83820 
83825 
83826 
83852 
83855 
83867 
83904 
83919 
83941 
83956 
83960 
84037 
84063 
84095 
84199 
84250 
84284 
84340 
84356 
84419 
84482 
84519 
84646 
84667 
84697 
84708 
84712 
84718 
84722 
84727 
84746 
84761 
84768 
84770 
84831 
84834 
84841 
84850 
84854 
84863 
84868 
84873 
84876 
84878 
84884 
84923 
85028 
85054 
85065 
85083 
85111 
85119 
85302 
85303 
85396 
85430 
85515 
85538 
85539 
85594 
85602 
85604 
85608 
85617 
85658 
85659 
85671 
85681 
85697 
85757 
85788 
85796 
85798 
85818 
85824 
85873 
85889 
85949 
85979 
86071 
86075 
86090 
86097 
86105 
86108 
86121 
86122 
86124 
86131 
86132 
86133 
86136 
86138 
86144 
86152 
86155 
86159 
86163 
86167 
86176 
86212 
86217 
86218 
86220 
86223 
86245 
86264 
86310 
86329 
86377 
86438 
86464 
86476 
86487 
86518 
86554 
86594 
86641 
86659 
86668 
86674 
86677 
86683 
86741 
86747 
86768 
86798 
86809 
86839 
86856 
86944 
86954 
87202 
87247 
87325 
87371 
87383 
87388 
87429 
87440 
87449 
87468 
87493 
87544 
87554 
87569 
87578 
87585 
87606 
87609 
87652 
87663 
87732 
87751 
87787 
87804 
87810 
87883 
87885 
87892 
87994 
88015 
88023 
88091 
88092 
88159 
88214 
88240 
88341 
88389 
88444 
88469 
88491 
88658 
88809 
88817 
88826 
88881 
88951 
89021 
89049 
89063 
89064 
89150 
89203 
89286 
89325 
89333 
89509 
89541 
89543 
89603 
89608 
89610 
89623 
89630 
89638 
89656 
89675 
89706 
89707 
89717 
89719 
89739 
89746 
89751 
89807 
89822 
89825 
89846 
89945 
90070 
90075 
90120 
90132 
90133 
90140 
90141 
90147 
90185 
90232 
90342 
90349 
90350 
90354 
90387 
90439 
90443 
90458 
90506 
90510 
90517 
90533 
90555 
90581 
90604 
90607 
90620 
90660 
90736 
90738 
90767 
90803 
90828 
90904 
90905 
90914 
90928 
90932 
90953 
90954 
91087 
91141 
91144 
91151 
91153 
91163 
91194 
91201 
91287 
91317 
91326 
91331 
91347 
91364 
91409 
91472 
91483 
91508 
91516 
91519 
91553 
91555 
91568 
91578 
91627 
91641 
91687 
91689 
91693 
91696 
91726 
91731 
91733 
91735 
91747 
91798 
91813 
91815 
92008 
92034 
92058 
92060 
92070 
92086 
92087 
92093 
92115 
92118 
92120 
92125 
92127 
92142 
92244 
92270 
92279 
92484 
92545 
92579 
92608 
92637 
92897 
92932 
