 103 
 104 
 162 
 175 
 179 
 212 
 284 
 306 
 349 
 357 
 424 
 446 
 473 
 522 
 539 
 569 
 578 
 598 
 605 
 626 
 627 
 633 
 634 
 700 
 705 
 847 
 867 
 911 
 914 
 958 
 976 
 979 
 990 
 992 
1027 
1028 
1031 
1039 
1043 
1044 
1045 
1049 
1050 
1052 
1062 
1066 
1105 
1169 
1234 
1235 
1254 
1286 
1292 
1303 
1305 
1315 
1316 
1317 
1325 
1326 
1340 
1342 
1351 
1359 
1362 
1365 
1368 
1381 
1389 
1413 
1432 
1442 
1482 
1499 
1500 
1501 
1515 
1524 
1526 
1532 
1538 
1546 
1553 
1556 
1557 
1568 
1570 
1574 
1624 
1633 
1635 
1642 
1648 
1654 
1657 
1661 
1663 
1666 
1670 
1679 
1687 
1690 
1723 
1744 
1745 
1747 
1752 
1758 
1759 
1764 
1782 
1784 
1785 
1786 
1791 
1809 
1817 
1818 
1819 
1824 
1853 
1894 
1895 
1981 
1991 
2013 
2040 
2096 
2115 
2126 
2133 
2208 
2318 
2328 
2329 
2384 
2433 
2442 
2447 
2456 
2457 
2460 
2461 
2483 
2490 
2491 
2498 
2503 
2508 
2515 
2557 
2562 
2565 
2596 
2621 
2629 
2638 
2639 
2648 
2690 
2693 
2754 
2772 
2780 
2872 
2898 
2922 
2957 
2960 
2971 
2991 
2992 
3007 
3026 
3028 
3031 
3036 
3038 
3043 
3050 
3056 
3238 
3251 
3266 
3269 
3277 
3289 
3296 
3341 
3343 
3401 
3429 
3452 
3475 
3487 
3497 
3504 
3508 
3509 
3529 
3562 
3595 
3604 
3609 
3620 
3648 
3658 
3685 
3735 
3813 
3873 
3889 
3920 
3970 
4017 
4063 
4068 
4090 
4102 
4113 
4164 
4180 
4183 
4234 
4235 
4238 
4240 
4243 
4322 
4360 
4369 
4381 
4392 
4408 
4411 
4417 
4444 
4449 
4454 
4487 
4495 
4502 
4538 
4554 
4591 
4601 
4603 
4649 
4651 
4724 
4785 
4791 
4806 
4844 
4859 
4868 
4874 
4882 
4886 
4912 
4915 
4927 
4952 
4959 
4965 
4966 
4970 
4974 
4986 
5055 
5056 
5061 
5073 
5089 
5104 
5108 
5113 
5141 
5169 
5208 
5264 
5268 
5293 
5369 
5372 
5380 
5390 
5401 
5404 
5408 
5412 
5434 
5457 
5466 
5473 
5484 
5512 
5575 
5584 
5586 
5587 
5633 
5637 
5645 
5684 
5685 
5688 
5924 
5929 
5969 
5973 
5974 
6000 
6002 
6005 
6006 
6010 
6013 
6016 
6018 
6028 
6035 
6085 
6152 
6166 
6187 
6223 
6243 
6244 
6250 
6258 
6306 
6360 
6426 
6440 
6443 
6447 
6467 
6481 
6492 
6497 
6501 
6505 
6523 
6560 
6574 
6588 
6594 
6614 
6616 
6624 
6626 
6634 
6637 
6662 
6663 
6674 
6685 
6688 
6699 
6711 
6717 
6719 
6720 
6724 
6747 
6755 
6762 
6771 
6859 
6896 
6928 
6929 
6932 
6986 
6989 
6994 
7002 
7009 
7019 
7023 
7028 
7035 
7037 
7044 
7051 
7097 
7103 
7123 
7128 
7131 
7137 
7149 
7150 
7197 
7204 
7271 
7300 
7358 
7381 
7447 
7464 
7633 
7656 
7657 
7694 
7707 
7713 
7715 
7728 
7884 
7890 
7902 
7922 
7954 
8006 
8009 
8055 
8166 
8175 
8179 
8191 
8193 
8199 
8204 
8218 
8247 
8273 
8281 
8306 
8314 
8326 
8357 
8365 
8375 
8451 
8491 
8492 
8531 
8541 
8664 
8782 
8809 
8815 
8838 
8903 
8932 
8991 
8998 
9002 
9004 
9093 
9095 
9096 
9101 
9175 
9197 
9202 
9259 
9304 
9312 
9340 
9362 
9401 
9500 
9519 
9524 
9525 
9571 
9577 
9588 
9617 
9660 
9661 
9713 
9744 
9753 
9754 
9771 
9772 
9780 
9823 
9849 
9998 
10011 
10023 
10030 
10032 
10035 
10039 
10087 
10102 
10106 
10108 
10110 
10119 
10128 
10152 
10180 
10194 
10235 
10259 
10339 
10343 
10353 
10376 
10389 
10392 
10416 
10418 
10422 
10457 
10474 
10487 
10540 
10565 
10618 
10648 
10649 
10653 
10682 
10688 
10691 
10738 
10796 
10828 
10848 
10860 
10867 
10871 
10888 
10896 
11068 
11136 
11208 
11249 
11284 
11368 
11379 
11388 
11430 
11439 
11445 
11450 
11458 
11498 
11504 
11635 
11740 
11745 
11753 
11798 
11824 
11830 
11833 
11839 
11858 
11875 
11882 
11887 
11925 
11932 
11938 
11940 
11954 
11960 
11996 
12016 
12019 
12022 
12033 
12038 
12039 
12043 
12044 
12060 
12068 
12120 
12156 
12236 
12295 
12305 
12343 
12371 
12379 
12386 
12398 
12412 
12484 
12586 
12617 
12619 
12720 
12732 
12782 
12873 
12891 
13000 
13013 
13017 
13022 
13023 
13032 
13040 
13075 
13117 
13121 
13122 
13251 
13261 
13349 
13388 
13409 
13429 
13510 
13607 
13690 
13695 
13740 
13760 
13797 
13801 
13807 
13818 
13948 
14003 
14005 
14011 
14036 
14039 
14106 
14108 
14121 
14171 
14228 
14229 
14253 
14281 
14286 
14295 
14315 
14320 
14376 
14379 
14385 
14395 
14424 
14470 
14471 
14494 
14495 
14512 
14524 
14535 
14537 
14564 
14565 
14613 
14645 
14666 
14723 
14741 
14781 
14839 
14850 
14876 
14894 
14913 
14954 
14958 
14961 
14984 
14991 
14992 
14996 
15027 
15033 
15122 
15172 
15191 
15192 
15195 
15198 
15199 
15200 
15273 
15320 
15323 
15373 
15391 
15453 
15460 
15466 
15511 
15518 
15538 
15553 
15555 
15559 
15574 
15600 
15602 
15603 
15606 
15611 
15649 
15660 
15671 
15692 
15712 
15713 
15732 
15735 
15738 
15746 
15760 
15764 
15770 
15791 
15796 
15804 
15813 
15818 
15821 
15831 
15832 
15873 
15877 
15894 
15896 
15912 
15923 
15926 
16009 
16012 
16033 
16045 
16048 
16061 
16077 
16079 
16094 
16098 
16174 
16216 
16252 
16296 
16338 
16343 
16344 
16352 
16387 
16408 
16410 
16437 
16443 
16455 
16466 
16467 
16521 
16588 
16595 
16615 
16636 
16677 
16678 
16686 
16728 
16732 
16740 
16844 
16847 
16876 
16883 
16904 
16929 
16945 
16968 
16996 
16999 
17077 
17172 
17238 
17267 
17273 
17280 
17290 
17296 
17301 
17328 
17368 
17390 
17391 
17451 
17453 
17491 
17536 
17564 
17571 
17584 
17615 
17657 
17722 
17787 
17799 
17857 
17871 
17889 
17937 
18007 
18064 
18071 
18098 
18109 
18148 
18500 
18519 
18536 
18654 
18716 
18725 
18775 
18780 
18787 
18810 
18821 
18860 
18894 
18909 
18933 
19027 
19028 
19046 
19065 
19077 
19080 
19105 
19165 
19167 
19188 
19218 
19246 
19247 
19248 
19265 
19268 
19270 
19271 
19338 
19342 
19355 
19388 
19404 
19417 
19481 
19532 
19568 
19586 
19656 
19683 
19691 
19697 
19708 
19714 
19726 
19775 
19777 
19785 
19824 
19871 
19957 
19988 
20004 
20005 
20047 
20181 
20184 
20224 
20245 
20272 
20296 
20321 
20364 
20375 
20376 
20400 
20440 
20449 
20460 
20507 
20514 
20519 
20528 
20530 
20544 
20573 
20582 
20598 
20612 
20672 
20749 
20807 
20883 
21009 
21032 
21036 
21038 
21055 
21085 
21121 
21133 
21148 
21191 
21277 
21309 
21344 
21352 
21375 
21397 
21495 
21504 
21506 
21515 
21543 
21547 
21549 
21564 
21571 
21746 
21765 
21864 
21942 
21956 
22020 
22033 
22074 
22096 
22174 
22260 
22261 
22263 
22266 
22268 
22271 
22296 
22298 
22318 
22322 
22327 
22333 
22364 
22365 
22403 
22425 
22456 
22465 
22488 
22552 
22573 
22592 
22660 
22677 
22735 
22755 
22809 
22893 
22897 
22941 
22960 
22965 
22971 
23123 
23208 
23296 
23299 
23324 
23423 
23451 
23453 
23454 
23457 
23459 
23464 
23515 
23541 
23544 
23567 
23572 
23582 
23617 
23686 
23687 
23744 
23788 
23824 
23864 
23868 
23873 
23877 
23882 
23885 
23952 
23962 
23969 
23987 
24012 
24018 
24079 
24174 
24254 
24256 
24290 
24335 
24346 
24354 
24356 
24364 
24366 
24368 
24369 
24380 
24390 
24417 
24425 
24443 
24480 
24486 
24550 
24552 
24553 
24555 
24558 
24572 
24579 
24597 
24602 
24604 
24677 
24842 
24852 
24863 
24886 
24937 
24952 
24971 
24996 
25026 
25082 
25084 
25163 
25206 
25212 
25317 
25323 
25329 
25417 
25441 
25465 
25532 
25586 
25654 
25725 
25727 
25729 
25734 
25765 
25783 
25831 
25832 
25878 
25973 
26047 
26107 
26119 
26120 
26121 
26150 
26167 
26174 
26202 
26225 
26229 
26238 
26261 
26276 
26302 
26309 
26320 
26359 
26397 
26406 
26408 
26495 
26520 
26531 
26535 
26621 
26622 
26634 
26638 
26639 
26660 
26677 
26693 
26706 
26707 
26714 
26715 
26734 
26738 
26740 
26745 
26746 
26759 
26761 
26774 
26788 
26823 
26841 
26851 
26867 
26990 
27043 
27064 
27072 
27114 
27116 
27119 
27134 
27171 
27176 
27212 
27231 
27234 
27356 
27389 
27409 
27434 
27454 
27504 
27533 
27552 
27562 
27582 
27644 
27645 
27773 
27787 
27885 
27966 
28118 
28139 
28160 
28161 
28190 
28198 
28281 
28302 
28329 
28342 
28345 
28349 
28359 
28363 
28380 
28398 
28409 
28415 
28416 
28426 
28427 
28431 
28452 
28453 
28464 
28467 
28512 
28545 
28557 
28558 
28649 
28681 
28716 
28717 
28720 
28724 
28741 
28761 
28768 
28788 
28864 
28874 
28907 
28923 
28956 
28966 
28968 
28976 
29032 
29050 
29053 
29107 
29113 
29143 
29156 
29232 
29337 
29374 
29391 
29414 
29441 
29449 
29464 
29478 
29483 
29511 
29512 
29514 
29515 
29517 
29538 
29547 
29569 
29584 
29641 
29653 
29698 
29735 
29739 
29741 
29790 
29840 
29893 
29961 
30026 
30063 
30093 
30134 
30137 
30138 
30162 
30163 
30170 
30219 
30234 
30271 
30284 
30293 
30294 
30306 
30337 
30370 
30385 
30404 
30427 
30460 
30465 
30487 
30511 
30517 
30540 
30564 
30577 
30647 
30650 
30660 
30751 
30811 
30851 
30864 
30942 
30983 
31025 
31062 
31102 
31116 
31138 
31173 
31219 
31267 
31300 
31333 
31415 
31436 
31460 
31467 
31506 
31579 
31640 
31663 
31684 
31700 
31702 
31751 
31758 
31766 
31779 
31782 
31788 
31791 
31828 
31894 
31929 
31932 
31938 
31950 
32019 
32028 
32037 
32042 
32087 
32094 
32114 
32181 
32227 
32229 
32235 
32281 
32290 
32299 
32321 
32326 
32327 
32339 
32387 
32415 
32417 
32450 
32479 
32519 
32540 
32550 
32581 
32587 
32611 
32687 
32689 
32701 
32703 
32724 
32746 
32769 
32784 
32793 
32805 
32815 
32826 
32855 
32883 
32912 
32935 
32943 
32972 
32983 
33021 
33050 
33096 
33141 
33144 
33157 
33158 
33168 
33181 
33187 
33201 
33207 
33210 
33213 
33215 
33237 
33239 
33242 
33247 
33248 
33255 
33277 
33280 
33297 
33325 
33403 
33411 
33428 
33442 
33454 
33456 
33508 
33556 
33589 
33655 
33715 
33723 
33725 
33729 
33739 
33762 
33768 
33781 
33801 
33883 
33900 
33903 
33990 
34003 
34082 
34141 
34151 
34152 
34180 
34186 
34200 
34216 
34276 
34326 
34335 
34383 
34384 
34399 
34430 
34431 
34432 
34434 
34450 
34601 
34652 
34654 
34671 
34753 
34763 
34765 
34778 
34853 
34900 
35002 
35024 
35037 
35062 
35131 
35166 
35167 
35227 
35256 
35262 
35289 
35315 
35350 
35366 
35393 
35472 
35509 
35552 
35553 
35623 
35788 
35798 
35826 
35840 
35856 
35858 
35961 
35989 
36027 
36061 
36080 
36141 
36171 
36194 
36223 
36265 
36277 
36516 
36525 
36682 
36777 
36830 
36832 
36840 
36903 
36932 
36940 
36941 
36962 
36963 
36981 
37005 
37016 
37020 
37029 
37055 
37070 
37075 
37132 
37141 
37145 
37156 
37202 
37231 
37249 
37252 
37258 
37267 
37270 
37326 
37329 
37330 
37351 
37373 
37384 
37385 
37557 
37584 
37624 
37693 
37705 
37920 
37963 
37988 
37989 
38031 
38043 
38060 
38102 
38105 
38107 
38236 
38291 
38336 
38416 
38436 
38464 
38469 
38472 
38476 
38538 
38738 
38768 
38848 
38886 
38955 
38972 
38995 
39016 
39018 
39026 
39030 
39050 
39054 
39058 
39075 
39083 
39116 
39143 
39149 
39161 
39191 
39193 
39207 
39214 
39217 
39223 
39227 
39230 
39231 
39245 
39285 
39295 
39310 
39347 
39397 
39446 
39451 
39470 
39521 
39523 
39573 
39578 
39586 
39643 
39658 
39690 
39731 
39751 
39774 
39795 
39811 
39812 
39819 
39829 
39836 
39844 
39846 
39859 
39860 
39877 
39879 
39880 
39905 
39915 
39920 
39934 
39964 
39969 
39974 
39978 
39983 
39984 
40009 
40024 
40029 
40087 
40099 
40129 
40130 
40140 
40151 
40171 
40185 
40209 
40228 
40230 
40297 
40309 
40316 
40323 
40327 
40343 
40368 
40406 
40478 
40516 
40549 
40601 
40603 
40622 
40703 
40746 
40773 
40809 
40829 
40835 
40847 
40859 
40875 
40879 
40917 
40938 
40999 
41000 
41001 
41007 
41079 
41083 
41088 
41106 
41129 
41138 
41194 
41206 
41221 
41274 
41287 
41288 
41300 
41309 
41311 
41340 
41361 
41396 
41400 
41402 
41404 
41411 
41420 
41465 
41512 
41527 
41530 
41531 
41557 
41566 
41579 
41625 
41700 
41705 
41744 
41769 
41794 
41796 
41806 
41809 
41810 
41857 
41889 
41937 
41947 
41952 
41965 
41966 
42090 
42120 
42121 
42122 
42142 
42166 
42170 
42192 
42222 
42237 
42240 
42247 
42250 
42291 
42336 
42351 
42528 
42530 
42535 
42572 
42574 
42575 
42581 
42584 
42609 
42646 
42725 
42782 
42821 
42869 
42872 
42875 
42880 
42886 
42897 
42905 
42931 
42936 
42962 
42974 
43014 
43038 
43054 
43055 
43070 
43098 
43100 
43147 
43163 
43186 
43191 
43238 
43239 
43245 
43246 
43257 
43287 
43366 
43479 
43495 
43558 
43560 
43614 
43654 
43660 
43688 
43693 
43703 
43711 
43719 
43721 
43725 
43792 
43841 
43847 
43863 
43868 
43926 
43994 
44096 
44129 
44137 
44146 
44162 
44364 
44546 
44557 
44607 
44652 
44745 
44746 
44768 
44793 
44821 
44823 
44840 
44846 
44853 
44855 
44869 
44872 
44876 
44882 
44884 
44922 
45065 
45107 
45121 
45169 
45171 
45173 
45176 
45188 
45191 
45199 
45222 
45248 
45314 
45318 
45324 
45330 
45332 
45335 
45394 
45460 
45476 
45477 
45481 
45504 
45506 
45511 
45533 
45534 
45539 
45547 
45548 
45563 
45564 
45576 
45601 
45605 
45611 
45693 
45698 
45711 
45728 
45732 
45734 
45740 
45746 
45754 
45774 
45807 
45857 
45858 
45862 
45880 
45888 
45912 
45948 
46030 
46097 
46100 
46205 
46224 
46227 
46236 
46239 
46267 
46272 
46279 
46309 
46312 
46324 
46358 
46364 
46371 
46375 
46381 
46413 
46415 
46427 
46469 
46528 
46542 
46559 
46606 
46746 
46786 
46788 
46797 
46829 
46945 
46956 
47004 
47011 
47012 
47054 
47055 
47076 
47082 
47087 
47120 
47172 
47173 
47175 
47182 
47206 
47209 
47216 
47227 
47229 
47253 
47272 
47273 
47284 
47288 
47297 
47310 
47322 
47327 
47345 
47350 
47381 
47401 
47596 
47608 
47609 
47620 
47632 
47643 
47679 
47725 
47739 
47761 
47762 
47812 
47827 
47828 
47831 
47839 
47861 
47866 
47871 
47886 
47890 
47907 
47911 
47939 
47953 
47956 
47959 
47961 
47967 
47979 
47995 
48006 
48012 
48024 
48051 
48108 
48111 
48117 
48144 
48162 
48395 
48398 
48409 
48455 
48465 
48480 
48515 
48525 
48563 
48566 
48594 
48599 
48633 
48652 
48653 
48654 
48674 
48677 
48710 
48728 
48779 
48825 
48847 
48876 
48879 
48902 
48905 
48920 
48935 
48949 
48968 
48974 
49004 
49017 
49033 
49038 
49052 
49056 
49078 
49151 
49222 
49280 
49313 
49314 
49326 
49327 
49350 
49377 
49455 
49488 
49493 
49616 
49630 
49642 
49661 
49699 
49738 
49782 
49785 
49826 
50046 
50068 
50069 
50072 
50098 
50101 
50128 
50164 
50184 
50249 
50254 
50417 
50435 
50442 
50463 
50468 
50494 
50512 
50521 
50538 
50554 
50658 
50663 
50665 
50682 
50715 
50736 
50750 
50754 
50776 
50782 
50784 
50788 
50792 
50876 
50877 
50912 
50918 
50920 
50925 
50946 
50953 
50973 
51081 
51084 
51118 
51148 
51149 
51169 
51201 
51210 
51213 
51230 
51234 
51277 
51281 
51289 
51290 
51291 
51295 
51297 
51314 
51338 
51340 
51349 
51352 
51360 
51367 
51401 
51430 
51433 
51452 
51466 
51475 
51491 
51506 
51512 
51539 
51542 
51549 
51557 
51615 
51660 
51710 
51840 
51851 
51905 
51951 
51967 
52004 
52005 
52152 
52176 
52254 
52262 
52318 
52325 
52329 
52380 
52394 
52409 
52466 
52473 
52478 
52487 
52496 
52501 
52506 
52546 
52557 
52590 
52594 
52604 
52610 
52617 
52626 
52628 
52630 
52639 
52664 
52673 
52675 
52679 
52683 
52885 
52911 
52915 
52925 
52935 
52954 
52970 
52974 
52982 
53041 
53042 
53062 
53091 
53131 
53161 
53223 
53398 
53407 
53421 
53425 
53432 
53448 
53449 
53460 
53463 
53467 
53487 
53492 
53508 
53666 
53670 
53677 
53700 
53707 
53710 
53718 
53727 
53749 
53865 
54006 
54027 
54032 
54055 
54073 
54077 
54081 
54084 
54091 
54094 
54099 
54106 
54107 
54109 
54116 
54129 
54143 
54151 
54168 
54220 
54223 
54225 
54229 
54252 
54254 
54308 
54309 
54310 
54332 
54338 
54344 
54378 
54426 
54428 
54429 
54444 
54448 
54460 
54467 
54487 
54522 
54552 
54571 
54580 
54597 
54627 
54649 
54667 
54686 
54699 
54728 
54729 
54731 
54759 
54799 
54822 
54930 
54959 
54962 
55043 
55056 
55059 
55142 
55250 
55268 
55324 
55339 
55341 
55357 
55367 
55376 
55396 
55597 
55602 
55629 
55638 
55639 
55655 
55660 
55671 
55694 
55700 
55703 
55715 
55759 
55763 
55774 
55792 
55798 
55827 
55883 
55941 
55978 
55980 
55998 
56041 
56093 
56165 
56169 
56195 
56206 
56220 
56240 
56244 
56246 
56248 
56255 
56262 
56265 
56288 
56290 
56329 
56415 
56418 
56454 
56455 
56464 
56474 
56475 
56555 
56557 
56561 
56571 
56592 
56604 
56626 
56630 
56675 
56688 
56703 
56725 
56730 
56754 
56756 
56760 
56764 
56766 
56786 
56791 
56793 
56798 
56813 
56848 
56873 
56875 
56928 
56929 
56948 
56971 
57001 
57005 
57050 
57054 
57084 
57118 
57235 
57236 
57283 
57288 
57292 
57293 
57295 
57300 
57302 
57304 
57306 
57307 
57308 
57310 
57311 
57315 
57341 
57346 
57350 
57401 
57403 
57472 
57478 
57493 
57501 
57507 
57512 
57513 
57558 
57593 
57602 
57625 
57626 
57635 
57650 
57661 
57678 
57679 
57696 
57698 
57700 
57705 
57714 
57735 
57746 
57862 
57908 
57991 
58002 
58014 
58044 
58067 
58072 
58075 
58096 
58107 
58124 
58132 
58138 
58157 
58161 
58166 
58168 
58169 
58205 
58351 
58357 
58408 
58418 
58424 
58426 
58429 
58451 
58487 
58518 
58519 
58524 
58540 
58564 
58579 
58581 
58585 
58588 
58591 
58595 
58596 
58597 
58605 
58613 
58638 
58666 
58703 
58711 
58771 
58778 
58781 
58784 
58804 
58835 
58910 
58916 
58937 
58942 
58988 
58996 
58998 
59032 
59070 
59072 
59087 
59115 
59141 
59178 
59204 
59243 
59294 
59349 
59374 
59397 
59419 
59430 
59432 
59434 
59440 
59515 
59556 
59565 
59568 
59659 
59666 
59668 
59675 
59676 
59687 
59702 
59706 
59734 
59790 
59817 
59823 
59827 
59834 
59870 
59872 
59876 
59911 
59912 
59923 
59983 
60010 
60016 
60027 
60094 
60109 
60115 
60130 
60134 
60144 
60145 
60149 
60150 
60159 
60178 
60193 
60207 
60219 
60228 
60324 
60344 
60345 
60368 
60396 
60413 
60415 
60434 
60436 
60439 
60444 
60505 
60524 
60571 
60574 
60575 
60578 
60581 
60583 
60589 
60672 
60676 
60694 
60701 
60792 
60851 
60852 
60863 
60911 
60923 
61000 
61057 
61063 
61097 
61104 
61127 
61192 
61241 
61319 
61480 
61505 
61513 
61549 
61739 
61813 
61820 
61823 
61842 
61861 
61881 
61940 
61948 
61998 
62028 
62048 
62068 
62090 
62110 
62115 
62130 
62140 
62175 
62199 
62216 
62218 
62221 
62260 
62336 
62340 
62355 
62384 
62405 
62408 
62431 
62436 
62442 
62514 
62517 
62520 
62536 
62548 
62554 
62565 
62568 
62571 
62577 
62586 
62609 
62614 
62617 
62624 
62636 
62638 
62653 
62664 
62682 
62688 
62693 
62698 
62699 
62708 
62709 
62710 
62718 
62728 
62730 
62732 
62733 
62735 
62741 
62771 
62781 
62796 
62802 
62804 
62811 
62815 
62835 
62840 
62849 
62871 
62886 
62909 
62934 
62935 
62937 
62955 
62968 
62975 
62979 
62980 
63046 
63125 
63152 
63153 
63172 
63176 
63206 
63224 
63233 
63247 
63257 
63268 
63272 
63283 
63291 
63292 
63403 
63454 
63484 
63486 
63489 
63508 
63630 
63647 
63693 
63694 
63699 
63702 
63704 
63717 
63720 
63724 
63756 
63767 
63771 
63790 
63808 
63820 
63826 
63830 
63850 
63863 
63886 
63892 
63918 
63965 
63973 
63997 
63999 
64027 
64030 
64060 
64127 
64172 
64174 
64186 
64228 
64229 
64295 
64318 
64332 
64348 
64353 
64382 
64442 
64514 
64516 
64658 
64663 
64676 
64703 
64706 
64738 
64764 
64765 
64770 
64782 
64793 
64801 
64802 
64810 
64816 
64823 
64863 
64891 
64967 
65002 
65052 
65068 
65072 
65270 
65346 
65455 
65483 
65502 
65505 
65514 
65522 
65536 
65573 
65575 
65590 
65607 
65632 
65663 
65665 
65668 
65669 
65670 
65671 
65674 
65696 
65710 
65714 
65720 
65735 
65740 
65760 
65764 
65765 
65773 
65776 
65781 
65786 
65824 
65836 
65850 
65910 
65912 
65922 
65927 
65931 
65946 
65968 
66003 
66041 
66055 
66084 
66191 
66192 
66211 
66259 
66260 
66261 
66262 
66266 
66273 
66275 
66281 
66309 
66438 
66458 
66544 
66575 
66576 
66597 
66639 
66642 
66654 
66656 
66701 
66781 
66786 
66828 
66859 
66877 
66892 
66898 
66919 
66957 
66959 
66960 
66976 
67001 
67035 
67056 
67074 
67124 
67195 
67225 
67253 
67301 
67324 
67337 
67344 
67452 
67460 
67500 
67524 
67534 
67543 
67586 
67599 
67646 
67706 
67754 
67780 
67979 
68066 
68068 
68086 
68153 
68196 
68208 
68209 
68224 
68232 
68234 
68240 
68245 
68247 
68252 
68260 
68261 
68268 
68287 
68289 
68302 
68303 
68315 
68322 
68350 
68370 
68394 
68403 
68416 
68424 
68439 
68464 
68470 
68481 
68493 
68497 
68533 
68599 
68627 
68639 
68686 
68703 
68705 
68737 
68798 
68821 
68851 
68862 
68879 
68885 
68886 
68926 
68927 
68929 
69024 
69034 
69040 
69065 
69066 
69068 
69070 
69071 
69081 
69093 
69095 
69111 
69181 
69194 
69216 
69217 
69236 
69245 
69279 
69288 
69299 
69311 
69320 
69327 
69343 
69349 
69438 
69505 
69523 
69527 
69540 
69555 
69558 
69566 
69580 
69582 
69590 
69598 
69606 
69608 
69612 
69623 
69628 
69667 
69790 
69829 
69842 
69849 
69877 
69926 
69934 
69983 
70013 
70031 
70038 
70047 
70052 
70123 
70129 
70142 
70158 
70165 
70183 
70188 
70194 
70244 
70254 
70256 
70291 
70415 
70420 
70449 
70451 
70453 
70455 
70459 
70467 
70512 
70515 
70538 
70614 
70617 
70620 
70627 
70631 
70698 
70711 
70777 
70781 
70785 
70787 
70814 
70826 
70828 
70831 
70835 
70850 
70877 
70881 
70901 
70908 
70950 
71047 
71081 
71087 
71128 
71143 
71168 
71170 
71172 
71228 
71231 
71236 
71240 
71268 
71323 
71324 
71338 
71349 
71351 
71365 
71376 
71382 
71392 
71399 
71404 
71408 
71411 
71420 
71424 
71433 
71444 
71456 
71573 
71621 
71685 
71733 
71813 
71851 
71853 
71863 
71917 
71952 
71958 
71974 
71992 
72063 
72084 
72127 
72138 
72250 
72259 
72282 
72358 
72420 
72427 
72434 
72436 
72442 
72445 
72449 
72457 
72491 
72502 
72509 
72511 
72513 
72555 
72556 
72558 
72584 
72598 
72599 
72611 
72638 
72651 
72684 
72751 
72758 
72799 
72829 
72872 
72905 
72919 
72924 
72928 
72933 
72946 
72964 
73010 
73012 
73016 
73017 
73128 
73129 
73134 
73136 
73157 
73162 
73367 
73384 
73482 
73486 
73498 
73512 
73522 
73549 
73560 
73566 
73576 
73580 
73581 
73586 
73601 
73644 
73651 
73657 
73701 
73711 
73719 
73729 
73743 
73759 
73865 
73914 
73917 
73932 
73961 
74018 
74106 
74132 
74158 
74169 
74183 
74203 
74280 
74292 
74297 
74314 
74319 
74336 
74350 
74353 
74358 
74493 
74519 
74545 
74551 
74790 
74791 
74848 
74874 
74884 
74888 
74889 
74892 
74900 
74925 
74928 
74938 
74948 
74949 
74957 
75015 
75053 
75122 
75143 
75162 
75163 
75250 
75256 
75304 
75369 
75395 
75417 
75421 
75424 
75441 
75448 
75453 
75456 
75464 
75472 
75539 
75572 
75587 
75597 
75670 
75695 
75744 
75748 
75759 
75767 
75771 
75779 
75822 
75823 
75868 
75869 
75875 
75900 
75914 
75916 
75935 
75994 
76020 
76071 
76136 
76141 
76190 
76257 
76262 
76320 
76367 
76412 
76415 
76416 
76532 
76547 
76608 
76705 
76723 
76781 
76820 
76824 
76834 
76858 
76864 
76878 
76888 
76953 
76962 
77045 
77079 
77166 
77200 
77206 
77210 
77255 
77298 
77330 
77396 
77424 
77428 
77442 
77457 
77481 
77499 
77505 
77508 
77523 
77526 
77532 
77567 
77577 
77579 
77584 
77613 
77648 
77652 
77653 
77658 
77660 
77669 
77671 
77684 
77728 
77732 
77750 
77781 
77789 
77924 
77935 
77958 
77970 
78000 
78002 
78026 
78049 
78051 
78054 
78073 
78075 
78104 
78118 
78139 
78167 
78197 
78213 
78270 
78285 
78312 
78437 
78582 
78621 
78622 
78660 
78676 
78682 
78702 
78707 
78772 
78850 
78890 
79017 
79099 
79128 
79294 
79315 
79338 
79339 
79389 
79410 
79411 
79449 
79450 
79467 
79487 
79507 
79534 
79544 
79565 
79575 
79586 
79595 
79689 
79917 
80052 
80087 
80096 
80113 
80126 
80154 
80161 
80169 
80283 
80292 
80315 
80484 
80515 
80519 
80525 
80527 
80530 
80545 
80563 
80571 
80585 
80598 
80599 
80693 
80706 
80729 
80730 
80747 
80756 
80832 
80893 
81024 
81054 
81073 
81075 
81077 
81079 
81081 
81082 
81128 
81142 
81162 
81170 
81205 
81241 
81246 
81247 
81264 
81265 
81268 
81270 
81272 
81284 
81321 
81336 
81358 
81373 
81377 
81453 
81479 
81510 
81542 
81613 
81664 
81671 
81696 
81752 
81768 
81830 
81892 
81929 
82054 
82074 
82082 
82103 
82113 
82117 
82121 
82125 
82130 
82149 
82164 
82171 
82173 
82192 
82207 
82227 
82229 
82235 
82244 
82248 
82257 
82262 
82267 
82269 
82270 
82274 
82275 
82314 
82417 
82442 
82452 
82470 
82494 
82497 
82505 
82688 
82704 
82777 
82809 
82812 
82813 
82891 
82914 
82915 
82922 
82968 
82976 
82978 
82982 
82991 
83031 
83032 
83044 
83054 
83070 
83130 
83161 
83169 
83171 
83191 
83197 
83246 
83262 
83321 
83351 
83442 
83445 
83459 
83466 
83473 
83476 
83488 
83489 
83490 
83497 
83498 
83499 
83502 
83504 
83510 
83517 
83520 
83524 
83528 
83530 
83539 
83575 
83580 
83581 
83583 
83586 
83608 
83627 
83664 
83671 
83690 
83735 
83756 
83795 
83821 
83833 
83844 
83875 
83911 
83935 
83950 
83956 
83969 
83995 
84013 
84016 
84020 
84026 
84029 
84035 
84093 
84096 
84098 
84118 
84148 
84159 
84189 
84206 
84294 
84304 
84552 
84597 
84675 
84721 
84733 
84738 
84778 
84789 
84798 
84817 
84840 
84890 
84900 
84915 
84924 
84931 
84951 
84954 
84996 
85007 
85036 
85071 
85074 
85075 
85092 
85127 
85143 
85149 
85222 
85224 
85231 
85245 
85323 
85331 
85352 
85360 
85427 
85428 
85486 
85493 
85548 
85574 
85593 
85662 
85672 
85687 
85716 
85727 
85769 
85793 
85815 
85981 
86126 
86129 
86137 
86146 
86153 
86172 
86199 
86268 
86306 
86337 
86365 
86379 
86380 
86383 
86463 
86516 
86552 
86562 
86585 
86595 
86634 
86642 
86758 
86776 
86814 
86842 
86844 
86846 
86906 
86911 
86912 
86915 
86923 
86930 
86936 
86943 
86945 
86949 
86952 
86967 
86988 
86997 
86998 
87006 
87008 
87010 
87021 
87022 
87025 
87032 
87034 
87036 
87058 
87063 
87085 
87099 
87102 
87123 
87222 
87228 
87345 
87350 
87393 
87405 
87406 
87413 
87414 
87420 
87457 
87503 
87611 
87616 
87617 
87618 
87622 
87633 
87651 
87700 
87704 
87719 
87736 
87744 
87747 
87748 
87756 
87760 
87767 
87783 
87804 
87817 
87829 
87852 
87855 
87868 
87908 
87982 
87984 
88012 
88043 
88047 
88055 
88071 
88107 
88145 
88146 
88155 
88169 
88171 
88176 
88177 
88186 
88187 
88268 
88317 
88370 
88373 
88380 
88382 
88392 
88422 
88429 
88515 
88545 
88553 
88558 
88574 
88589 
88634 
88646 
88686 
88695 
88706 
88731 
88739 
88742 
88776 
88778 
88791 
88801 
88848 
88862 
88888 
88907 
88909 
88913 
88916 
88943 
88948 
88950 
88952 
88964 
89014 
89029 
89031 
89219 
89229 
89230 
89242 
89261 
89264 
89266 
89272 
89273 
89288 
89289 
89295 
89317 
89320 
89322 
89327 
89329 
89343 
89387 
89442 
89468 
89477 
89680 
89714 
89735 
89769 
89798 
89799 
89806 
89809 
89821 
89825 
89832 
90070 
90105 
